%YAML:1.0
---
threshold:
   min: [ 17, 110, 70, 255 ]
   max: [ 26, 255, 186, 0 ]
