%YAML:1.0
---
threshold:
   min: [ 16, 143, 76, 0 ]
   max: [ 23, 212, 134, 0 ]
