%YAML:1.0
---
threshold:
   min: [ 30, 149, 41, 0 ]
   max: [ 30, 255, 255, 0 ]
