%YAML:1.0
---
threshold:
   min: [ 21, 122, 69, 0 ]
   max: [ 26, 240, 252, 0 ]
