%YAML:1.0
---
threshold:
   min: [ 16, 147, 44, 0 ]
   max: [ 23, 218, 147, 0 ]
