%YAML:1.0
---
threshold:
   min: [ 30, 255, 47, 0 ]
   max: [ 30, 255, 192, 0 ]
