%YAML:1.0
---
threshold:
   min: [ 15, 172, 60, 0 ]
   max: [ 22, 255, 116, 0 ]
