%YAML:1.0
---
threshold:
   min: [ 19, 191, 52, 0 ]
   max: [ 27, 255, 235, 0 ]
