%YAML:1.0
---
threshold:
   min: [ 18, 168, 58, 0 ]
   max: [ 23, 245, 154, 0 ]
