%YAML:1.0
---
threshold:
   min: [ 22, 131, 73, 0 ]
   max: [ 27, 240, 254, 0 ]
