%YAML:1.0
---
threshold:
   min: [ 30, 255, 63, 0 ]
   max: [ 30, 255, 255, 0 ]
