%YAML:1.0
---
threshold:
   min: [ 19, 79, 31, 0 ]
   max: [ 23, 209, 111, 0 ]
