%YAML:1.0
---
threshold:
   min: [ 169, 96, 53, 0 ]
   max: [ 176, 205, 157, 0 ]
