%YAML:1.0
---
threshold:
   min: [ 18, 157, 45, 0 ]
   max: [ 23, 222, 128, 0 ]
