%YAML:1.0
---
threshold:
   min: [ 21, 182, 81, 0 ]
   max: [ 27, 255, 130, 0 ]
