%YAML:1.0
---
threshold:
   min: [ 15, 185, 27, 0 ]
   max: [ 24, 247, 145, 0 ]
