%YAML:1.0
---
threshold:
   min: [ 72, 161, 34, 0 ]
   max: [ 86, 239, 118, 0 ]
