%YAML:1.0
---
threshold:
   min: [ 26, 87, 68, 0 ]
   max: [ 29, 195, 217, 0 ]
