%YAML:1.0
---
threshold:
   min: [ 23, 142, 59, 0 ]
   max: [ 26, 255, 205, 0 ]