%YAML:1.0
---
threshold:
   min: [ 10, 130, 160, 0 ]
   max: [ 30, 255, 255, 0 ]
