%YAML:1.0
---
threshold:
   min: [ 23, 142, 59, 0 ]
   max: [ 26, 255, 205, 0 ]

      min: [ 10, 130, 160, 0 ]
   max: [ 30, 255, 255, 0 ]